260 48 15 1
0 0 3
4 0 5
10 0 7
19 0 6
26 0 11
38 0 9
48 0 3
52 0 4
57 0 3
61 0 6
68 0 9
77 0 4
82 0 4
87 0 2
90 0 6
97 0 7
106 0 4
113 0 7
121 0 7
129 0 8
137 0 7
145 0 8
154 0 6
161 0 8
170 0 7
179 0 2
182 0 3
186 0 8
195 0 8
204 0 8
213 0 7
220 0 11
0 17 8
10 17 7
18 17 8
28 17 9
38 17 7
46 17 6
53 17 9
63 17 9
73 17 3
77 17 6
84 17 8
92 17 7
100 17 12
112 17 9
122 17 10
133 17 8
141 17 10
152 17 8
160 17 8
168 17 8
177 17 8
185 17 9
194 17 14
208 17 8
217 17 8
226 17 8
1 33 3
4 33 7
11 33 3
16 33 7
24 33 9
33 33 3
38 33 7
46 33 8
54 33 7
62 33 8
70 33 8
78 33 6
84 33 7
93 33 7
101 33 3
104 33 5
110 33 7
118 33 3
122 33 12
135 33 7
143 33 9
152 33 8
161 33 8
170 33 5
175 33 6
181 33 6
188 33 7
196 33 7
203 33 12
215 33 7
223 33 7
230 33 7
238 33 4
243 33 3
247 33 4
252 33 8